100
5
5 4 3 2 1
5
1 2 3 4 5
5
3 1 4 5 2
5
9 7 5 3 1
5
2 5 1 4 3
5
10 20 30 40 50
5
50 40 30 20 10
5
8 6 7 5 3
5
4 1 5 2 3
5
11 13 12 15 14
5
21 19 18 20 17
5
6 9 8 7 10
5
15 14 13 12 11
5
1 3 2 5 4
5
99 1 88 2 77
5
25 20 15 10 5
5
31 41 59 26 53
5
12 24 36 48 60
5
60 48 36 24 12
5
7 2 9 1 8
5
13 11 15 12 14
5
100 99 98 97 96
5
16 18 17 20 19
5
5 1 2 4 3
5
90 80 70 60 50
5
2 4 6 8 10
5
10 8 6 4 2
5
14 12 10 8 6
5
17 15 13 11 9
5
1 5 4 3 2
5
23 45 12 67 34
5
8 9 1 2 7
5
30 10 20 50 40
5
44 33 22 11 0
5
5 10 15 20 25
5
25 15 5 20 10
5
9 8 1 7 2
5
6 5 4 3 2
5
2 3 5 4 1
5
81 64 49 36 25
5
11 22 33 44 55
5
55 44 33 22 11
5
7 14 21 28 35
5
35 28 21 14 7
5
19 18 17 16 15
5
3 6 9 12 15
5
15 12 9 6 3
5
100 1 99 2 98
5
42 24 36 18 30
5
4 3 2 5 1
5
13 26 39 52 65
5
65 52 39 26 13
5
9 4 8 3 7
5
22 11 44 33 55
5
1 4 2 5 3
5
50 10 40 20 30
5
29 27 25 23 21
5
31 29 27 25 23
5
5 2 4 1 3
5
99 88 77 66 55
5
55 66 77 88 99
5
17 19 13 11 15
5
6 2 8 4 10
5
10 9 7 8 6
5
14 16 12 18 20
5
45 35 25 15 5
5
1 100 2 99 3
5
70 60 90 80 50
5
32 31 30 29 28
5
8 2 6 4 10
5
3 5 1 2 4
5
91 81 71 61 51
5
51 61 71 81 91
5
27 18 36 9 45
5
11 9 13 7 15
5
5 3 1 4 2
5
24 12 36 48 60
5
60 48 24 36 12
5
8 7 6 5 4
5
1 6 2 5 3
5
15 10 5 20 25
5
22 44 11 55 33
5
7 5 9 3 1
5
88 66 44 22 0
5
2 8 4 6 10
5
19 17 15 13 11
5
9 2 8 1 7
5
12 15 11 14 13
5
50 49 48 47 46
5
46 47 48 49 50
5
18 16 20 14 22
5
5 25 15 35 45
5
45 35 25 15 5
5
4 2 5 1 3
5
28 14 42 56 70
5
70 56 42 28 14
5
33 11 55 22 44
5
6 1 5 2 4
5
99 50 75 25 100
5
8 4 2 6 10
5
17 12 19 14 16
5
10 5 15 20 25
5
25 20 15 10 5